>,solve(e0$cov)

0.009066458,-0.002604613,-0.007678366,-0.002604613,0.020680217,-0.014549229,-0.007678366,-0.014549229,0.023863367
>,e0$loc
116.83199,110.26242,86.00596



solve(t(chol(e0$cov)))

0.01882458,3.006981e-18,0.00000000,-0.07067083,6.300465e-02,0.00000000,0.01382395,-8.628926e-02,0.05968406
>,solve(e0$cov)

0.0055398332,-0.005645450,0.0008250693,-0.0056454496,0.011415424,-0.0051500940,0.0008250693,-0.005150094,0.0035621875
>,e0$loc
174.1293,155.1146,119.2915


{ 0.0055398332, -0.005645450, 0.0008250693, -0.0056454496, 0.011415424, -0.0051500940, 0.0008250693, -0.005150094, 0.0035621875 };// 
{ 174.1293, 155.1146, 119.2915 };// 
{ 0.01882458, 0.0, 0.0, -0.07067083, 6.300465e-02, 0.0, 0.01382395, -8.628926e-02, 0.05968406 };// 





solve(t(chol(e0$cov)))

0.052374674,0.0000000,0.0000000,-0.091283503,0.1223964,0.0000000,-0.008225428,-0.1161083,0.1086425

0.0111434420,-0.01021773,-0.0008936313,-0.0102177345,0.02846203,-0.0126143043,-0.0008936313,-0.01261430,0.0118032002

142.88684,118.87482,66.52122



solve(t(chol(e0$cov)))

0.050860724,0.0000000,0.0000000,-0.087463346,0.1118958,0.0000000,0.004160667,-0.1395670,0.1071472

0.0102539613,-0.01036747,0.0004458039,-0.0103674702,0.03199960,-0.0149542107,0.0004458039,-0.01495421,0.0114805264

143.05750,119.46569,68.23818